mnnx Aucwmm.

457

Tuummne.
1. 7. 1. 72. 97. 1393- 12. 11. 22.
10. 1. 72. 101. 1. 393. 13. 11. 23.
18. 1. 73. 102. 11.284. 14. 1. 85.
25. 1. 73.11.283.111. 2. 1. 393. 18. 1. 85. 11. 23.
40. 11. 283. 3. Ι. 80. 19. 1·. 85.
44. 1. 73. 11. 1898. 20. 11. 24.
47. 1. 73. 12. 1398. 25. 11. 24.
56. 1. 73. 13. 11. 8. 27. 11. 24.
78. 1. 73. 15. 1894. 28. 11. 24.
74. 1. 73. 21. 1. 394. 32. 1. 85.11. 24.
86. 1. 73. 22. 1. 81. 33. 11. 24. ’
87. Ι. 74. 31. 1. 394. 41. 1. 86.
90. 1. 74. 38. Π. 8. 51.-11 25.
100. 1. 74. 39. 1. 81. 11. 9. 55. 1. 86.
102. 1. 74. 40. 1. 81. 11. 8. 56. 1. 86.
114. 1. 75. 42. 11. 10. 57. 1. 890.
115. Ι. 75. 43. Ι. 81. 11. 11. 60. Ι. 86. 11. 25.
116. 1. 75. 44. 11. 11. 61. 11 25.
120. 1. 75. 45. 11 11. 11284. 68. 1. 8111. 25.
132. Ι. 75. 47. Π. 12. 68. 1. 87. 11. 25.
142. 1. 77. 49. 11. 12. 69. 1. 87.
11. 3. 1. 77. 1. 890. 51. 11. 13. 73. 1. 88.
4. 1. 390. 52. 11. 18. 75. 1. 89.
10. 1. 78. 1. 890. 58. 11. 13. 80. 1. 89.
11. 1. 390. 55. 11. 14. 85. 1. 89.
13. Ι. 390. 56. 1. 81. 11. 14. 86. 1. 90. 11. 25.
15. 1. 78. 1. 390. 58. 1. 81. 87. 1. 90.11. 25.
21. 1. 390. 59. 1. 81.11. 15. 92. 1. 90. 11. 26.
26. 1.390. 62. 1. 82. 93. 11. 26.
29. 1. 390. 63. 11. 15. 98. 11. 26.
35. 1. 390. 64. 11 15. 16. 102. 11. 26. 11. 284.
36. 1. 78. 66. 11. 16. 106. 1. 90.
37. Ι. 390. 67. 11. 16. 108. 1. 90.
39. 1. 78. 1. 390. 68. 11 16. 110. 1.170.
40. 1. 78. 1. 390. 69. 11 16. 126. 1.170. 11285.
41. 1. 79. 1390. 80. 11. 17. v. 1. 11285.
42. 1. 390. 81. Π. 17. 3. 11. 285.
43. Ι. 391. 82. Ι. 83. 11. 17. 4. Π.285.
49. 1. 79. 1891. 85. 11. 18. 7. 11285.
50. 1. 391. 89. 11. 18. 8. 11. 286.
51. 1. 391. 92. 11. 18. 9. 11.286.·
52. 1. 391. 95. 11. 20. 10. 11. 288.
54. 1. 391. 97. 1. 83. 13. 1.171.
61. 1. 79. - 98. 1. 8411. 20. 14. 1.171.
62. 1. 79. 118. 11. 20. 15. 11288.
64. 1.392. 115. 1. 84. 16. 1171.
65. 1. 79. 11. 284. 116. 11. 20. 17. Π. 288.
68. 1. 80. lv. 4. 11. 20. 18. 11289.
75. 1. 80. 6. 1. 84. 19. 11. 289.
76. 1. 392. 8. 1. 84. 20. 1. 388. 11. 289.
87. 1392. 9. 11. 21. 21. 11. 289.
89. 1. 392. 11. 284. 10. 11. 22. 22. Π. 289.
92. 1. 30. 11. Ι. 84. 11. 22. 26. 11. 289.

