uum: 1361031111. 455

335 1. 335. 290 11. 335.
404 11. 363. 314 11. 316.
434 1. 235. a. 33. . . . 11. 358.
τ. 115. . . . 11363. 450 11353.
313 11173. 1133. . . . 11. 363.
r. 218. . . . 11353. 200 11353.
466 11. 363. 366 11 364.
ο. 136. . . . 11353. 343 11. 365.
333 11. 356. 400 11. 359.
269 11. 356. 413 11. 212.
295 11. 209. a. 102. . . . u. 356.
474 ι. 336. 240 11. 212.
614 11356. 1 116. . . . 1. 12.
x. 216. . . . 11134. 220 1. 13.
280 11364. 275 1. 36. 11.
448 11.216. 353.
ψ. 336. . . . 11314. 333 11. 360.
733 11343. 433-434 1. 15.
a. 88. . .. 1336. 454-456 1. 15.
154 11. 203. 461 1. 15.
329 1. 45. 502 1. 15.
337 11. 204. 510 1. 52.
66311 210. 519 1. 35.
0111333131. 52.... 1. 36. 11. μ. 15....1.16.
353. 54 1. 49.
88 1. 51. 73 11. 357.
112 1. 35. 117 11. 212.
176 11365. 136 1 43.
204 11. 204. 383 ·11. 400.
254 1. 36. 11. ν. 133. . . . 1. 16.
353. 153 1. 13.
373 11177. 173 113.
ρ. 17. . . . 11363. 230 11. 356.
108 11. 363. ε. 40. . . . 11313.
133 11. 363. 163-164 1. 13.
373 11313. 173 1. 20.
γ. 10. . . . 1. 35. 306 11. 316.
336 1. 16. 335 11. 313.
346 11351. 433 11313.
473 11353. 504-506 1. 22.
3. 523. . . . 11. 358. ο. 34- 36 134.
ι. 33. . .. 1. 53. - 157 1. 35.
336 11. 364. 204 1. 25.
343 11. 367. 343 1. 25.

260 11. 357. 432 Ι. 25.

