454

mnu Aucwoltmt.

1. 52.ΙῙ.190

Romus.
hunos A. 70. . . . 11. 363.
129
177 1.3o.
259 11. 167.
344 u. 394.
351 Ι. 13.11. 189.
404 11. 189.
459 11. 204.
530 11.216.
574 ΙΙ. 197.
B. 38. . . . Ιὶ363.
213 11. 363.
218 11. 366.
316 11.216.
409 11. 363.
422 11. 204.
572 ιι. 360.
668 11. 360.
A. 161. . . . 1. 13.
327 11. 360.
588 11. 216.
Ε. 64 ..... 11.363.
203 11. 208.
326 11. 363.
497 11. 215.
782 113208.
791 11. 351.
Ζ. 109. . . . 11.216.
351 11. 363.
479 Ι. 232.
Η. 238. . . ΙΙ. 354.
279 11. 195.
467 11. 359.
472 11.359.
Θ. 199. . . 11.216.
215 11. 208.
325 ιι. 204.
406 ιι. 365.
448 11. 217.
455 11. 218.
526 11. 349.
1. 73. . . . 11.351.
226 1. -47,

230
326
1. 545
546

Π Ο 0 ο

A, 39....

214
330
741
77 6
782

. 49
261

Ν. 47....

1 15
204
288
315
355
499
524
558

Ξ. 116. .. .

118
235
340
489

49
146
155
324
635

Π. 363. . . .

545

Ρ. 213. . . .

278
402
647

Σ. 106. . . .

270
287

1. 46.

Ι. 47.
11. 217.
11. 194.
ΙΙ. 216.
11. 215.
u. 363.
n. 363.
11. 217.
11. 197.

· 11. 210.

11. 215.
11. 204.
11. 197.
11. 368.
11. 212.

1. 38.
11. 395.
11. 362.
11. 365.
11. 210.
n. 216.
11. 359.
11. 358.
11. 350.
11. 205.
11. 360.
11. 365.

1. 236.
u. 197.
11. 196.
u. 356.
11. 361.
n. 356.
11. 212.
11. 203.
11. 352.
11. 216.
ΙΙ. 363.

n. 205.
11. 215.
11. 358.
n. 210.

217.

